; c12 plus H1 MA trend filter
[Tester]
Expert=P4Entry0227.ex5
Symbol=XAUUSD
Period=M15
Optimization=0
Model=0
FromDate=2025.06.01
ToDate=2025.06.30
ForwardMode=0
Deposit=10000
Currency=USD
ProfitInPips=0
Leverage=100
ExecutionMode=202
OptimizationCriterion=0
Visual=0
ReplaceReport=1
Report=Z:\tmp\mt5run\P4Entry0227_XAUUSD_M15_20250601_20250630_c14
ShutdownTerminal=1

[TesterInputs]
InpSymbols=XAUUSD
InpTF=15||15||0||49153||N
InpTimerMillSec=100||100||1||1000||N
InpMagic=9527001||9527001||1||95270010||N
InpComment=P4PatternStrategy
InpFixedLots=0.05||0.05||0.005000||0.500000||N
InpMaxPositionsPerSymbol=1||1||1||100||N
InpSlippagePoints=20||20||1||200||N
InpProfitObservationBars=30||30||1||300||N
InpTrendFilterTF=60||60||0||49153||N
InpTrendFilterMAPeriod=50||50||1||200||N
InpLookbackBars=120||120||1||1200||N
InpAdjustPointMaxSpanKNumber=10||10||1||50||N
InpMaxAdjustPointSpan=1||1||1||20||N
InpCondAXMin=0.75||0.75||0.075000||7.500000||N
InpCondAXMax=1.25||1.25||0.125000||12.500000||N
InpRatioC=0.58||0.58||0.040000||4.000000||N
InpCondCZ=1.0||1.0||0.100000||10.000000||N
InpSoftLossN=0.80||0.80||0.050000||5.000000||N
InpSoftLossC=1.0||1.0||0.100000||10.000000||N
InpProfitC=0.65||0.65||0.200000||20.000000||N
NoiseFilter_bSumValueCompBuyPricePercent=0.60||0.60||0.050000||5.000000||N
InpEnableExactSearchCompare=false||false||0||true||N
