[Tester]
Expert=P4Entry0227.ex5
Symbol=XAUUSD
Period=M30
Optimization=0
Model=0
FromDate=2025.06.05
ToDate=2025.06.06
ForwardMode=0
Deposit=10000
Currency=USD
ProfitInPips=0
Leverage=100
ExecutionMode=202
OptimizationCriterion=0
Visual=0

[TesterInputs]
InpSymbols=XAUUSD
InpTF=30||0||0||49154||N
InpTimerMillSec=100||100||1||1000||N
InpMagic=9527001||9527001||1||95270010||N
InpComment=P4PatternStrategy
InpFixedLots=0.05||0.05||0.005000||0.500000||N
InpMaxPositionsPerSymbol=10||10||1||100||N
InpSlippagePoints=20||20||1||200||N
InpProfitObservationBars=0||0||1||300||N
InpStopObservationBars=0||0||1||300||N
InpLookbackBars=300||300||1||1200||N
InpAdjustPointMinSpanKNumber=5||5||1||50||N
InpAdjustPointMaxSpanKNumber=35||35||1||80||N
InpCondAXMin=0.5||0.5||0.050000||5.000000||N
InpCondAXMax=2.0||2.0||0.200000||20.000000||N
InpP3P4DropMinRatioOfStructure=0.4||0.4||0.040000||4.000000||N
InpCondCZ=2.0||2.0||0.100000||10.000000||N
InpP1P2AValueSpaceMinPriceLimit=0.0||0.0||0.500000||50.000000||N
InpP1P2AValueTimeMinKNumberLimit=1||1||1||50||N
InpBSumValueMinRatioOfAValue=0.0||0.0||0.150000||15.000000||N
InpBSumValueMaxRatioOfAValue=500.0||500.0||0.500000||500.000000||N
InpPreCondEnable=false||false||0||true||N
InpPreCondPriorDeclineLookbackBars=30||30||1||100||N
InpPreCondPriorDeclineMinDropRatioOfStructure=5.0||5.0||0.070000||10.000000||N
InpPreCondPriorDeclineMinBarsBetweenPre0AndP0=0||0||1||30||N
InpP5P6ReboundMinRatioOfP3P5Drop=0.65||0.65||0.065000||6.500000||N
InpSoftLossC=1.0||1.0||0.100000||10.000000||N
InpP5AnchoredProfitC=0.7||0.7||0.070000||7.000000||N
InpEnableExactSearchCompare=true||true||0||true||N
